image_width: 640
image_height: 480
camera_name: base_camera
camera_matrix:
  rows: 3
  cols: 3
  data: [628.073549, 0.000000, 318.007295, 0.000000, 626.102581, 244.975042, 0.000000, 0.000000, 1.000000]
distortion_model: plumb_bob
distortion_coefficients:
  rows: 1
  cols: 5
  data: [0.101366, -0.190094, 0.001877, 0.002247, 0.000000]
rectification_matrix:
  rows: 3
  cols: 3
  data: [1.000000, 0.000000, 0.000000, 0.000000, 1.000000, 0.000000, 0.000000, 0.000000, 1.000000]
projection_matrix:
  rows: 3
  cols: 4
  data: [635.962036, 0.000000, 318.620194, 0.000000, 0.000000, 634.188660, 245.146369, 0.000000, 0.000000, 0.000000, 1.000000, 0.000000]

# ('D = ', [0.10136602367100694, -0.1900938485545163, 0.0018765367354431895, 0.0022472347942419724, 0.0])
# ('K = ', [628.0735486465055, 0.0, 318.00729480418767, 0.0, 626.1025807025384, 244.9750421796825, 0.0, 0.0, 1.0])
# ('R = ', [1.0, 0.0, 0.0, 0.0, 1.0, 0.0, 0.0, 0.0, 1.0])
# ('P = ', [635.9620361328125, 0.0, 318.62019394953677, 0.0, 0.0, 634.1886596679688, 245.14636937280557, 0.0, 0.0, 0.0, 1.0, 0.0])
# None
# oST version 5.0 parameters
